        1.764867728707362
        2.944384108274210
       -0.795969991066737
       -0.790830531279095
        2.912415393842242
        1.763094984106250
        2.366101555785793
       -2.222320569483269
       -2.353798126334038
       -2.361299364354533
       -2.233569891479089
       -0.791408348616311
       -2.599961514064159
       -2.044450574965264
        0.335668221172785
        0.869085255212998
        0.221509405388009
       -0.091413268400753
       -1.091471209028565
        2.155551528029822
        1.873686220186176
       -1.143037717287950
       -0.005208904777941
        1.141445475181957
       -2.221718874242139
       -0.011655322687272
        2.218993577850597
